15 22 210 18231 77478 136726 136726

0 5
0 6
0 7
1 2
1 4
1 5
2 4
2 7
3 4
3 5
5 12
6 9
6 13
7 8
7 14
8 9
8 11
8 14
9 11
10 12
10 13
12 13

0 1 5981
0 2 816
0 3 563
0 4 431
0 5 1592
0 6 444
0 7 576
0 8 491
0 9 563
0 10 252
0 11 695
0 12 324
0 13 1556
0 14 695
1 0 7132
1 2 2644
1 3 2239
1 4 755
1 5 6102
1 6 1832
1 7 4930
1 8 253
1 9 1952
1 10 755
1 11 1090
1 12 563
1 13 419
1 14 1855
2 0 977
2 1 3151
2 3 312
2 4 240
2 5 252
2 6 38
2 7 1149
2 8 85
2 9 97
2 10 97
2 11 145
2 12 85
2 13 37
2 14 431
3 0 678
3 1 2675
3 2 370
3 4 982
3 5 922
3 6 72
3 7 158
3 8 72
3 9 240
3 10 145
3 11 145
3 12 1521
3 13 157
3 14 192
4 0 512
4 1 905
4 2 286
4 3 1177
4 5 98
4 6 37
4 7 120
4 8 61
4 9 61
4 10 37
4 11 86
4 12 85
4 13 38
4 14 86
5 0 1903
5 1 7275
5 2 298
5 3 1106
5 4 121
5 6 97
5 7 874
5 8 86
5 9 575
5 10 181
5 11 132
5 12 158
5 13 240
5 14 264
6 0 536
6 1 2189
6 2 49
6 3 84
6 4 48
6 5 120
6 7 61
6 8 265
6 9 193
6 10 97
6 11 60
6 12 61
6 13 73
6 14 192
7 0 691
7 1 5884
7 2 1368
7 3 192
7 4 143
7 5 1047
7 6 73
7 8 204
7 9 181
7 10 97
7 11 145
7 12 157
7 13 241
7 14 516
8 0 584
8 1 299
8 2 108
8 3 84
8 4 73
8 5 108
8 6 322
8 7 250
8 9 204
8 10 73
8 11 276
8 12 61
8 13 120
8 14 252
9 0 678
9 1 2331
9 2 120
9 3 286
9 4 73
9 5 690
9 6 228
9 7 215
9 8 250
9 10 419
9 11 1209
9 12 910
9 13 1137
9 14 670
10 0 298
10 1 905
10 2 120
10 3 180
10 4 49
10 5 215
10 6 120
10 7 120
10 8 84
10 9 500
10 11 240
10 12 612
10 13 384
10 14 157
11 0 833
11 1 1298
11 2 180
11 3 179
11 4 108
11 5 156
11 6 72
11 7 179
11 8 334
11 9 1439
11 10 286
11 12 97
11 13 97
11 14 934
12 0 393
12 1 678
12 2 107
12 3 1819
12 4 107
12 5 192
12 6 72
12 7 191
12 8 72
12 9 1082
12 10 727
12 11 121
12 13 313
12 14 193
13 0 1855
13 1 500
13 2 48
13 3 191
13 4 49
13 5 286
13 6 85
13 7 287
13 8 143
13 9 1355
13 10 464
13 11 120
13 12 370
13 14 97
14 0 833
14 1 2212
14 2 512
14 3 227
14 4 108
14 5 321
14 6 227
14 7 619
14 8 299
14 9 797
14 10 191
14 11 1118
14 12 228
14 13 120
