25 45 300 7987 53908 99830

0 1
2 6
2 8
2 9
4 3
5 3
5 4
5 6
5 7
7 6
7 8
9 11
10 9
10 11
12 13
14 8
14 10
14 12
14 13
14 15
14 17
14 19
14 20
14 21
14 24
15 8
15 9
15 10
15 11
16 9
16 15
17 18
19 18
19 20
19 23
21 8
21 19
21 22
21 23
23 22
24 0
24 1
24 2
24 3
24 8

0 4 184
0 5 77
0 7 77
0 8 272
0 11 136
0 12 106
0 14 320
0 16 48
0 19 213
0 21 301
0 22 184
0 24 106
1 0 77
1 3 77
1 8 408
1 9 204
1 10 116
1 11 204
1 13 77
1 15 320
1 19 320
1 22 282
2 0 106
2 1 155
2 3 106
2 10 155
2 15 437
2 18 106
2 19 437
2 23 486
3 0 48
3 5 77
3 6 48
3 8 272
3 15 213
3 16 48
3 17 136
3 24 106
4 1 282
4 2 379
4 3 184
4 6 184
4 10 282
4 11 476
4 15 768
4 16 184
4 18 184
4 20 184
4 21 1050
4 24 379
5 1 116
5 2 155
5 4 282
5 7 116
5 11 204
5 12 155
5 14 486
5 15 320
5 16 77
5 17 204
5 18 77
5 19 320
5 20 77
5 21 447
6 0 48
6 1 77
6 2 106
6 5 77
6 8 272
6 11 136
6 12 106
6 13 48
6 14 320
6 16 48
6 18 48
6 19 213
6 24 106
7 1 116
7 2 155
7 3 77
7 4 282
7 6 77
7 8 408
7 10 116
7 11 204
7 12 155
7 13 77
7 14 486
7 15 320
7 18 77
7 19 320
7 21 447
7 22 282
8 2 544
8 4 953
8 5 408
8 10 408
8 12 544
8 13 272
8 19 1098
8 21 1507
8 22 953
8 23 1235
8 24 544
9 0 136
9 2 272
9 3 136
9 4 476
9 5 204
9 6 136
9 7 204
9 8 680
9 10 204
9 13 136
9 14 816
9 16 136
9 17 340
9 20 136
9 21 748
9 22 476
10 0 77
10 3 77
10 5 116
10 6 77
10 14 486
10 15 320
10 18 77
10 20 77
10 21 447
10 22 282
10 23 369
11 2 272
11 3 136
11 8 680
11 9 340
11 10 204
11 13 136
11 14 816
11 15 544
11 16 136
11 17 340
11 24 272
12 1 155
12 2 213
12 3 106
12 4 379
12 9 272
12 10 155
12 11 272
12 15 437
12 17 272
12 21 602
12 23 486
13 0 48
13 2 106
13 3 48
13 4 184
13 5 77
13 10 77
13 12 106
13 14 320
13 15 213
13 16 48
13 17 136
13 18 48
13 19 213
13 20 48
13 24 106
14 1 486
14 2 651
14 3 320
14 4 1147
14 8 1643
14 12 651
14 15 1312
14 16 320
14 17 816
14 18 320
14 20 320
14 23 1478
14 24 651
15 0 213
15 6 213
15 8 1098
15 9 544
15 16 213
15 19 875
15 24 437
16 1 77
16 2 106
16 7 77
16 8 272
16 10 77
16 12 106
16 22 184
17 0 136
17 1 204
17 2 272
17 4 476
17 6 136
17 7 204
17 8 680
17 10 204
17 15 544
17 16 136
17 20 136
18 0 48
18 1 77
18 3 48
18 8 272
18 9 136
18 11 136
18 12 106
18 15 213
18 16 48
18 17 136
18 19 213
18 22 184
18 23 243
18 24 106
19 3 213
19 4 768
19 9 544
19 10 320
19 11 544
19 12 437
19 14 1312
19 16 213
19 17 544
19 20 213
19 23 982
19 24 437
20 0 48
20 1 77
20 2 106
20 3 48
20 6 48
20 7 77
20 8 272
20 11 136
20 12 106
20 15 213
20 16 48
20 18 48
20 21 301
20 23 243
21 1 447
21 2 602
21 3 301
21 6 301
21 11 748
21 13 301
21 14 1808
21 15 1205
21 16 301
21 17 748
21 18 301
21 19 1205
22 2 379
22 3 184
22 4 671
22 5 282
22 6 184
22 11 476
22 12 379
22 13 184
22 14 1147
22 15 768
22 17 476
22 19 768
22 20 184
22 21 1050
22 23 865
23 0 243
23 1 369
23 3 243
23 4 865
23 5 369
23 6 243
23 7 369
23 9 612
23 11 612
23 13 243
23 15 982
23 16 243
23 17 612
23 21 1361
23 24 486
24 1 155
24 2 213
24 5 155
24 7 155
24 9 272
24 10 155
24 12 213
24 16 106
24 17 272
24 20 106
24 21 602
24 22 379
