22 36 462 272727 1636359 2999992

0 2
0 4
0 9
0 15
0 19
1 6
1 13
1 14
2 6
2 12
3 4
3 16
3 20
4 6
4 7
4 10
4 12
4 14
4 18
5 6
5 12
5 17
6 13
6 21
7 12
8 9
8 19
9 20
10 21
11 12
11 14
14 21
15 21
16 18
17 21
18 21

15 11 3003
4 10 134
3 15 13138
8 3 135
13 3 14
4 8 4138
19 10 38
4 11 3211
15 14 535
15 18 5156
4 6 1205
1 0 46267
0 12 2033
19 16 269
2 3 7069
3 5 556
19 21 1294
12 17 1786
14 11 578
7 12 102
12 18 8485
12 3 160
0 14 725
16 1 710
1 21 34415
6 15 8677
15 9 1753
18 11 156
13 14 35
6 7 1179
11 21 779
2 19 2304
5 8 822
13 12 13
4 16 4172
4 15 3406
16 5 653
0 7 8167
12 6 2343
6 11 136
5 6 856
14 20 1067
11 14 85
13 18 538
11 8 14
13 10 35
7 13 8
1 16 10180
9 4 13369
17 16 42
19 13 4
11 10 9
20 17 8500
14 15 78
1 5 7141
9 17 70
12 0 2748
9 19 433
13 20 6
13 15 204
16 11 65
21 5 778
5 21 4009
2 15 26620
11 15 194
8 11 27
10 11 60
12 1 943
9 1 124
10 19 65
15 16 504
2 11 1937
15 20 336
16 6 2041
13 1 27
15 4 35420
1 9 1781
21 3 421
8 0 6304
0 10 66
16 0 59
5 2 3277
14 4 21941
6 10 435
15 8 836
19 17 52
4 2 990
13 7 7
8 7 109
21 10 10
0 19 42759
21 7 161
16 19 1333
12 19 1027
2 10 273
13 21 3151
5 16 240
8 14 292
10 5 950
1 4 35565
21 13 2823
10 2 403
20 16 5
18 20 270
13 17 23
7 10 78
1 11 639
11 12 902
15 12 2164
12 7 3046
15 10 136
7 20 239
21 12 586
13 11 13
6 1 2309
21 0 165
4 19 15336
15 21 14310
1 15 117644
14 8 1056
19 9 4941
17 19 41
3 11 245
11 20 24
7 5 111
18 13 201
19 11 16
18 12 449
9 2 389
7 17 58
0 15 514
10 9 689
4 0 1741
7 2 549
18 10 231
4 1 685
7 1 208
10 16 1801
7 14 287
19 2 634
11 6 110
8 10 83
9 18 4067
6 16 1298
7 15 149
16 8 3325
18 8 568
10 4 44044
8 17 46
12 13 29
14 6 2834
12 4 11963
7 19 202
11 18 1069
14 16 1913
0 5 1258
5 10 81
16 20 25
12 8 177
20 10 63
2 18 95143
18 17 5993
17 0 55
0 13 71
0 4 13150
21 9 234
12 11 642
1 14 40325
21 2 1818
2 16 20071
18 15 1984
0 11 788
8 9 14153
0 6 247
9 21 1543
13 4 14569
7 9 1894
12 2 5358
9 0 4291
13 8 5
1 6 115637
2 13 217
12 20 1330
6 12 2316
12 15 12432
21 15 2176
9 13 16
17 6 99
2 0 87337
6 3 2270
15 5 1581
18 1 504
9 6 147
19 15 149
15 17 263
21 11 1049
3 18 27184
14 0 1438
2 6 241173
13 16 19
0 2 19621
14 18 7913
5 15 1415
9 14 384
9 10 61
14 2 1325
5 3 767
20 0 234
0 3 1
7 4 33145
17 8 29
11 1 23
14 7 700
20 21 526
1 18 86347
5 12 4601
19 18 2964
4 14 1931
11 3 31
8 15 104
6 13 108
8 16 84
10 20 114
17 15 63
20 2 822
6 17 279
9 8 6274
3 8 5791
14 12 686
0 18 50905
4 7 6042
5 17 1012
16 10 165
10 15 3359
15 3 1004
4 17 954
14 5 2753
16 14 6601
1 12 3182
21 20 162
0 8 43423
4 13 1643
5 7 221
1 2 14415
20 9 32556
16 9 1758
4 12 1247
11 17 36
20 8 3660
16 21 2089
13 6 191
12 5 1241
6 20 210
7 11 66
2 20 15078
14 10 427
2 7 822
4 18 17732
17 4 4611
11 5 57
15 6 30728
20 15 4113
20 7 213
7 6 90
6 8 334
1 10 788
14 9 1975
13 19 11
2 17 65328
5 13 33
21 6 638
21 17 9291
19 4 21227
1 17 3838
1 19 1338
6 5 3183
7 21 3282
16 17 739
11 9 550
7 8 92
16 12 111
6 14 813
20 14 14001
3 14 8444
10 21 312
14 21 11285
19 8 515
15 13 23
7 18 4303
16 3 84
16 18 20305
10 0 2096
2 1 11740
19 20 158
11 0 1453
8 13 30
16 13 1087
4 20 226
14 19 872
8 4 22535
6 2 15547
15 0 2117
10 12 436
13 2 394
19 14 386
1 3 3804
13 5 43
9 15 243
14 3 3275
18 0 609
10 7 64
3 9 4181
17 9 889
18 5 884
21 8 355
11 2 203
6 21 5980
16 4 14075
20 18 9050
8 5 112
9 20 359
19 3 243
4 9 8389
5 18 2958
10 17 3027
11 13 1
10 13 1026
16 2 1639
5 1 547
19 1 175
7 16 168
18 3 578
12 16 734
20 6 1157
13 0 60
14 1 2212
1 13 1514
21 1 281
12 10 88
19 6 41
18 6 473
7 0 2924
9 3 346
3 2 1118
15 1 1092
16 15 3882
10 14 423
21 16 198
19 0 5543
3 1 216
6 18 6944
3 21 7859
9 11 55
5 11 699
3 20 53
0 17 307
17 13 1
3 19 5638
17 21 4069
21 18 15342
5 4 14734
10 6 1853
18 7 167
2 4 205332
6 0 2775
17 1 95
15 19 264
5 0 732
16 7 249
0 21 666
8 19 285
3 16 175
1 7 1025
17 2 116
2 5 71045
17 5 181
20 11 57
3 0 321
13 9 513
3 4 12912
8 20 189
3 10 161
8 2 544
0 1 1799
20 3 135
9 7 113
4 3 571
12 14 3183
18 19 876
10 1 6840
19 5 102
18 21 4442
8 1 43
17 10 77
11 7 25
17 3 100
20 19 1953
1 8 323
20 5 2256
8 18 2920
18 14 3179
2 14 25837
14 17 658
17 12 485
3 7 147
4 5 3005
8 12 107
20 1 102
19 12 169
3 6 7736
18 16 895
17 18 15117
21 4 5754
9 5 451
2 8 49148
7 3 222
20 13 6
18 2 1240
5 20 677
2 12 39448
17 14 145
9 16 218
21 19 162
18 9 1138
0 20 3
20 4 10143
17 11 24
18 4 10253
19 7 132
2 21 126006
20 12 125
15 2 38695
15 7 168
12 9 442
6 19 571
3 12 285
17 7 31
17 20 38
14 13 188
5 14 382
8 21 1211
11 19 11
0 9 61902
8 6 149
5 9 838
11 16 22
21 14 5544
6 4 7681
4 21 2542
9 12 125
10 18 7638
1 20 32590
3 17 995
10 8 104
3 13 36
6 9 620
12 21 2857
0 16 10
10 3 1438
2 9 11671
11 4 11693
5 19 196
