50 88 662 95 1230 2365

0 29
1 34
1 47
2 8
2 31
2 37
4 22
4 35
4 44
5 4
5 21
5 22
5 32
7 6
7 15
8 11
8 13
9 16
10 14
11 3
11 31
12 14
13 11
13 31
15 27
16 28
17 24
17 30
18 16
18 19
18 25
19 16
19 25
19 44
20 3
20 43
21 43
22 6
22 21
23 9
23 28
24 23
24 33
24 42
24 45
25 5
25 10
25 13
26 30
26 34
27 21
27 43
28 29
29 12
30 45
31 3
32 3
32 31
32 43
33 9
35 10
36 38
36 48
37 34
38 6
38 48
39 22
39 35
39 38
40 34
41 34
41 37
41 40
42 23
42 46
43 3
44 10
44 28
46 0
46 28
47 45
48 0
48 14
49 1
49 13
49 18
49 37
49 45

14 12 34
14 29 9
14 10 9
14 0 2
14 35 2
14 28 2
14 44 2
14 48 2
14 3 2
14 31 2
14 11 2
14 13 2
14 8 2
14 43 2
14 32 2
14 21 2
14 6 2
14 27 2
14 36 2
14 22 2
14 4 2
14 39 2
14 16 2
14 9 2
14 33 2
14 42 2
14 45 2
14 24 2
14 34 2
14 1 2
14 37 2
14 49 2
12 29 76
12 10 25
12 0 3
12 35 6
12 28 2
12 44 2
12 48 5
12 3 4
12 31 2
12 11 2
12 13 2
12 43 2
12 32 2
12 20 2
12 21 15
12 6 2
12 27 2
12 38 2
12 15 2
12 7 2
12 36 2
12 22 19
12 4 4
12 5 2
12 39 2
12 25 2
12 16 33
12 9 2
12 33 2
12 19 2
12 46 2
12 18 2
12 42 2
12 45 5
12 24 2
12 47 2
12 17 2
12 34 4
12 1 2
12 37 2
12 49 2
12 41 2
29 10 13
29 0 10
29 35 2
29 28 5
29 44 4
29 48 2
29 3 11
29 31 3
29 11 2
29 13 2
29 8 2
29 43 2
29 32 2
29 21 5
29 6 2
29 27 2
29 38 2
29 7 2
29 36 2
29 22 12
29 4 2
29 5 2
29 39 2
29 25 2
29 16 28
29 9 2
29 33 2
29 23 2
29 19 2
29 46 5
29 18 2
29 42 2
29 45 7
29 24 2
29 47 2
29 30 2
29 17 2
29 34 3
29 1 2
29 26 2
29 37 3
29 2 2
29 49 2
29 41 2
10 0 2
10 35 6
10 28 2
10 44 5
10 48 2
10 3 2
10 31 5
10 11 2
10 13 2
10 8 2
10 43 2
10 32 2
10 20 2
10 21 3
10 6 2
10 27 2
10 38 2
10 15 2
10 7 2
10 36 2
10 22 15
10 4 8
10 5 2
10 39 2
10 25 2
10 16 6
10 9 2
10 33 2
10 19 2
10 18 2
10 42 2
10 45 2
10 24 2
10 47 2
10 17 2
10 34 2
10 1 2
10 37 2
10 49 2
0 35 2
0 28 2
0 48 2
0 3 2
0 11 2
0 13 2
0 21 2
0 7 2
0 36 2
0 39 2
0 16 3
0 23 2
0 46 2
0 18 2
0 42 2
0 30 2
0 17 3
0 37 2
35 44 2
35 48 2
35 3 2
35 43 2
35 21 2
35 6 2
35 7 2
35 36 2
35 22 2
35 4 5
35 39 2
35 25 3
35 16 3
35 18 2
35 30 2
35 37 2
28 44 2
28 3 2
28 11 2
28 21 2
28 7 2
28 36 2
28 4 2
28 39 2
28 25 2
28 16 2
28 9 6
28 33 2
28 23 2
28 19 2
28 46 2
28 18 2
28 42 2
28 30 2
28 49 2
44 3 2
44 21 2
44 7 2
44 39 2
44 16 2
44 33 2
44 19 2
44 18 2
44 42 2
44 30 2
44 37 2
48 3 2
48 21 2
48 7 2
48 36 2
48 4 2
48 39 2
48 16 2
48 18 2
48 42 2
48 30 2
3 31 20
3 11 11
3 13 3
3 8 2
3 43 3
3 32 7
3 20 4
3 21 23
3 6 2
3 27 2
3 38 2
3 7 2
3 22 25
3 4 2
3 5 2
3 39 2
3 25 2
3 16 16
3 9 2
3 33 2
3 23 2
3 19 2
3 46 2
3 18 2
3 42 2
3 45 3
3 24 2
3 47 2
3 30 2
3 17 2
3 34 4
3 1 2
3 40 2
3 37 3
3 2 2
3 49 2
31 11 10
31 13 11
31 8 3
31 43 2
31 32 6
31 20 2
31 21 17
31 22 3
31 4 2
31 5 2
31 16 4
31 9 2
31 33 2
31 45 2
31 24 2
31 47 2
31 34 3
31 1 2
31 37 9
31 49 2
11 13 2
11 8 4
11 43 2
11 32 2
11 20 2
11 21 2
11 6 2
11 27 2
11 36 2
11 22 2
11 4 2
11 5 2
11 25 2
11 16 2
11 9 2
11 33 2
11 46 2
11 45 2
11 24 2
11 47 2
11 30 2
11 17 2
11 34 2
11 1 2
11 37 2
11 2 2
11 49 2
11 41 2
13 8 2
13 43 2
13 32 6
13 21 2
13 6 2
13 27 2
13 22 2
13 4 2
13 5 2
13 25 2
13 16 5
13 9 2
13 33 2
13 19 2
13 18 2
13 45 2
13 24 2
13 34 2
13 1 2
13 37 2
13 2 2
13 49 2
8 43 2
8 32 2
8 21 2
8 22 2
8 4 2
8 5 2
8 16 2
8 33 2
8 19 2
8 45 2
8 24 2
8 34 2
8 1 2
8 37 2
8 2 2
8 49 2
43 32 2
43 20 2
43 21 8
43 6 2
43 27 3
43 22 2
43 4 2
43 16 2
43 33 2
43 45 2
43 24 2
43 34 2
43 1 2
43 37 2
43 49 2
32 20 2
32 21 2
32 6 2
32 27 2
32 22 2
32 4 2
32 5 3
32 16 2
32 33 2
32 45 2
32 24 2
32 34 2
32 1 2
32 37 2
32 2 2
32 49 2
20 21 2
20 6 2
20 27 2
20 22 2
20 4 2
20 16 2
20 24 2
21 6 13
21 27 14
21 38 2
21 15 3
21 7 3
21 36 2
21 22 71
21 4 3
21 5 2
21 39 2
21 25 2
21 16 11
21 9 2
21 33 2
21 19 2
21 18 2
21 42 2
21 45 3
21 24 2
21 47 2
21 17 2
21 34 6
21 1 2
21 37 2
21 49 2
21 41 2
6 27 2
6 38 4
6 15 2
6 7 2
6 36 3
6 22 11
6 4 2
6 5 2
6 39 2
6 25 2
6 16 2
6 9 2
6 33 2
6 19 2
6 46 2
6 45 2
6 24 2
6 34 2
6 1 2
6 37 2
6 49 2
27 38 2
27 15 3
27 7 2
27 22 2
27 4 2
27 5 2
27 25 2
27 16 2
27 9 2
27 33 2
27 45 2
27 24 2
27 34 2
27 1 2
27 37 2
27 2 2
27 49 2
38 7 2
38 36 2
38 22 2
38 4 2
38 39 2
38 16 2
38 45 2
38 34 2
15 7 2
15 22 2
15 4 2
15 16 5
7 22 2
7 4 2
7 16 2
36 22 2
36 4 2
36 39 2
36 16 2
36 42 2
36 30 2
36 34 2
36 40 2
22 4 25
22 5 5
22 39 3
22 25 6
22 16 49
22 9 2
22 33 2
22 19 2
22 46 2
22 18 2
22 42 2
22 45 2
22 24 2
22 47 2
22 30 2
22 17 2
22 34 2
22 1 2
22 37 4
22 49 2
4 5 2
4 39 4
4 25 3
4 16 3
4 9 2
4 33 2
4 19 2
4 18 2
4 42 2
4 45 2
4 24 2
4 47 2
4 34 2
4 1 2
4 37 2
4 2 2
4 49 2
5 25 2
5 16 2
5 45 2
5 24 2
5 34 2
39 16 2
39 45 2
39 34 2
25 16 2
25 9 2
25 33 2
25 19 2
25 18 2
25 45 2
25 24 2
25 34 2
25 37 2
16 9 25
16 33 35
16 23 2
16 19 9
16 46 2
16 18 2
16 42 5
16 45 19
16 24 8
16 47 5
16 30 3
16 17 2
16 34 3
16 1 2
16 26 2
16 40 2
16 37 23
16 2 2
16 49 3
16 41 2
9 33 4
9 23 2
9 19 2
9 46 3
9 18 2
9 42 2
9 45 2
9 24 2
9 47 2
9 17 2
9 34 2
9 1 2
9 37 2
9 49 2
33 23 4
33 19 2
33 46 2
33 18 2
33 42 5
33 45 5
33 24 4
33 47 2
33 30 2
33 17 2
33 34 2
33 1 2
33 26 2
33 37 2
33 2 2
33 49 2
23 46 2
23 42 2
23 45 2
23 24 3
23 34 2
19 18 2
19 45 2
19 24 2
19 34 2
19 37 2
19 49 2
46 42 2
46 45 2
46 24 2
46 34 2
18 45 2
18 24 2
18 34 2
18 37 2
18 2 2
18 49 2
42 45 2
42 24 2
42 17 2
42 34 2
42 1 2
42 37 2
45 24 35
45 47 11
45 30 4
45 17 6
45 34 30
45 1 2
45 26 2
45 40 2
45 37 35
45 2 2
45 49 2
45 41 2
24 47 2
24 30 2
24 17 5
24 34 4
24 1 2
24 26 2
24 37 2
24 2 2
24 49 2
47 30 2
47 34 2
47 1 2
47 26 2
47 37 2
47 49 2
30 17 3
30 34 5
30 1 2
30 26 2
30 2 2
17 34 2
34 1 20
34 26 2
34 40 5
34 37 32
34 2 2
34 49 3
34 41 2
1 26 2
1 37 2
1 2 2
1 49 2
40 37 2
40 2 2
40 49 2
40 41 2
37 2 5
37 49 10
37 41 9
2 49 3
2 41 3
