39 172 1471 378 3872 7366

0 1
0 2
0 3
0 4
0 6
1 0
1 2
1 7
2 0
2 1
2 3
2 6
3 0
3 2
3 4
3 6
3 9
4 0
4 3
4 5
4 8
5 4
5 8
5 17
6 0
6 2
6 3
6 9
6 10
7 1
7 11
7 24
8 4
8 5
8 9
8 12
8 13
8 14
9 3
9 6
9 8
9 10
9 14
9 23
10 6
10 9
10 11
10 16
11 7
11 10
11 24
12 8
12 13
12 17
12 18
13 8
13 12
13 14
13 19
13 25
14 8
14 9
14 13
14 15
15 14
15 16
15 19
15 22
15 23
16 10
16 15
16 23
16 24
16 30
17 5
17 12
17 18
17 20
17 35
18 12
18 17
18 21
18 25
19 13
19 15
19 22
19 25
20 17
20 21
20 35
21 18
21 20
21 26
22 15
22 19
22 23
22 25
22 27
22 33
23 9
23 15
23 16
23 22
23 27
23 28
24 7
24 11
24 16
24 30
25 13
25 18
25 19
25 22
25 26
25 29
25 33
26 21
26 25
26 34
27 22
27 23
27 29
27 30
27 31
27 33
28 23
28 29
28 30
29 25
29 27
29 28
29 30
30 16
30 24
30 27
30 28
30 29
30 32
30 38
31 27
31 33
31 36
32 30
32 33
32 36
32 38
33 22
33 25
33 27
33 31
33 32
33 34
33 36
33 37
34 26
34 33
34 35
35 17
35 20
35 34
35 37
36 31
36 32
36 33
36 37
36 38
37 33
37 35
37 36
38 30
38 32
38 36

0 1 7
0 2 3
0 3 3
0 4 8
0 5 10
0 6 3
0 7 4
0 8 5
0 9 4
0 10 6
0 11 7
0 12 9
0 13 4
0 14 7
0 15 8
0 16 7
0 17 6
0 18 5
0 19 9
0 20 3
0 21 2
0 22 5
0 23 6
0 24 8
0 25 9
0 26 7
0 27 9
0 28 9
0 29 7
0 30 5
0 31 5
0 32 9
0 33 4
0 34 5
0 35 5
0 36 8
0 37 7
0 38 10
1 0 6
1 2 4
1 3 3
1 4 7
1 5 7
1 6 4
1 7 4
1 8 3
1 9 4
1 10 5
1 11 5
1 12 7
1 13 4
1 14 5
1 15 5
1 16 6
1 17 5
1 18 4
1 19 7
1 20 2
1 21 2
1 22 4
1 23 5
1 24 7
1 25 8
1 26 6
1 27 7
1 28 8
1 29 5
1 30 5
1 31 4
1 32 7
1 33 4
1 34 4
1 35 3
1 36 6
1 37 7
1 38 8
2 0 3
2 1 4
2 3 3
2 4 3
2 5 4
2 6 2
2 7 2
2 8 3
2 9 3
2 10 2
2 11 3
2 12 4
2 13 2
2 14 4
2 15 4
2 16 4
2 17 3
2 18 3
2 19 3
2 20 3
2 21 2
2 22 3
2 23 4
2 24 4
2 25 3
2 26 3
2 27 4
2 28 4
2 29 3
2 30 3
2 31 3
2 32 3
2 33 3
2 34 2
2 35 3
2 36 3
2 37 3
2 38 3
3 0 2
3 1 2
3 2 3
3 4 2
3 5 2
3 6 3
3 7 2
3 8 2
3 9 2
3 10 3
3 11 3
3 12 3
3 13 3
3 14 2
3 15 3
3 16 2
3 17 2
3 18 2
3 19 3
3 20 2
3 21 2
3 22 3
3 23 2
3 24 3
3 25 2
3 26 3
3 27 2
3 28 3
3 29 2
3 30 3
3 31 2
3 32 2
3 33 3
3 34 3
3 35 3
3 36 3
3 37 3
3 38 3
4 0 7
4 1 6
4 2 4
4 3 2
4 5 8
4 6 3
4 7 4
4 8 4
4 9 5
4 11 7
4 12 7
4 13 3
4 14 7
4 15 6
4 16 7
4 17 5
4 18 5
4 19 8
4 20 3
4 21 2
4 22 4
4 23 7
4 24 8
4 25 8
4 26 6
4 27 8
4 28 9
4 29 6
4 30 4
4 31 5
4 32 8
4 33 3
4 34 6
4 35 4
4 36 7
4 37 8
4 38 8
5 0 10
5 1 8
5 2 4
5 3 3
5 4 9
5 6 4
5 7 6
5 8 5
5 9 6
5 10 7
5 11 9
5 12 10
5 13 5
5 14 8
5 15 9
5 16 8
5 17 6
5 18 5
5 20 3
5 21 3
5 22 6
5 23 9
5 24 9
5 25 12
5 26 8
5 27 11
5 28 11
5 29 7
5 30 5
5 31 4
5 32 11
5 33 4
5 34 7
5 35 5
5 36 9
5 37 9
5 38 12
6 0 4
6 1 3
6 2 2
6 3 3
6 4 4
6 5 4
6 7 2
6 8 3
6 9 2
6 10 2
6 11 3
6 12 4
6 13 3
6 14 3
6 15 4
6 16 3
6 17 2
6 18 2
6 19 5
6 20 2
6 21 3
6 22 2
6 23 3
6 24 4
6 25 5
6 26 4
6 27 3
6 28 4
6 29 4
6 30 3
6 31 3
6 32 3
6 33 3
6 34 3
6 35 3
6 36 4
6 37 4
6 38 4
7 0 5
7 1 4
7 2 2
7 3 3
7 4 5
7 5 5
7 6 2
7 8 3
7 9 4
7 10 4
7 11 5
7 12 5
7 13 4
7 14 4
7 15 4
7 16 4
7 17 4
7 18 3
7 19 6
7 20 2
7 21 2
7 22 3
7 23 5
7 24 5
7 25 6
7 26 5
7 27 5
7 28 6
7 29 4
7 30 4
7 31 4
7 32 6
7 33 3
7 34 3
7 35 4
7 36 5
7 37 4
7 38 6
8 0 5
8 1 4
8 2 2
8 3 3
8 4 3
8 5 4
8 6 3
8 7 3
8 9 2
8 10 4
8 11 3
8 12 4
8 13 2
8 14 4
8 15 4
8 16 3
8 17 4
8 18 2
8 19 5
8 20 3
8 21 2
8 22 3
8 23 3
8 24 3
8 25 4
8 26 3
8 27 4
8 28 5
8 29 4
8 30 4
8 31 3
8 32 5
8 33 2
8 34 3
8 35 2
8 36 4
8 37 5
8 38 4
9 0 4
9 1 3
9 2 2
9 3 3
9 4 4
9 5 5
9 6 2
9 7 3
9 8 2
9 10 4
9 11 5
9 12 4
9 13 3
9 14 5
9 15 4
9 16 4
9 17 4
9 18 4
9 19 6
9 20 2
9 21 3
9 22 3
9 23 5
9 24 4
9 25 5
9 26 4
9 27 6
9 28 6
9 29 4
9 30 3
9 31 4
9 32 4
9 33 2
9 34 3
9 35 4
9 36 5
9 37 4
9 38 5
10 0 6
10 1 5
10 2 2
10 3 2
10 4 6
10 5 7
10 6 2
10 7 3
10 8 4
10 9 3
10 11 4
10 12 5
10 13 3
10 14 5
10 15 6
10 16 4
10 17 4
10 18 3
10 19 6
10 20 3
10 21 3
10 22 3
10 23 4
10 24 6
10 25 7
10 26 6
10 27 7
10 28 6
10 29 4
10 30 4
10 31 3
10 32 5
10 33 4
10 34 5
10 35 4
10 36 5
10 37 5
10 38 7
11 0 7
11 1 5
11 2 4
11 3 2
11 4 6
11 5 8
11 6 4
11 7 4
11 8 3
11 9 5
11 10 4
11 12 8
11 13 4
11 14 6
11 15 6
11 16 7
11 17 6
11 18 5
11 19 8
11 20 2
11 21 2
11 22 5
11 23 6
11 24 7
11 25 9
11 26 7
11 27 8
11 28 8
11 29 5
11 30 4
11 31 4
11 32 7
11 33 4
11 34 5
11 35 5
11 36 6
11 37 7
11 38 8
12 0 8
12 1 7
12 2 3
12 3 3
12 4 8
12 5 10
12 6 4
12 7 6
12 8 5
12 9 4
12 10 6
12 11 7
12 13 5
12 14 8
12 15 8
12 16 8
12 17 6
12 18 4
12 19 10
12 20 3
12 21 3
12 22 6
12 23 7
12 24 8
12 25 9
12 26 8
12 27 9
12 28 10
12 29 7
12 30 6
12 31 4
12 32 8
12 33 3
12 34 5
12 35 5
12 36 8
12 37 8
12 38 9
13 0 5
13 1 4
13 2 3
13 3 2
13 4 4
13 5 4
13 6 2
13 7 4
13 8 3
13 9 3
13 10 4
13 11 3
13 12 4
13 14 4
13 15 4
13 16 4
13 17 4
13 18 4
13 19 4
13 20 3
13 21 3
13 22 4
13 23 3
13 24 5
13 25 5
13 26 4
13 27 5
13 28 5
13 29 4
13 30 4
13 31 3
13 32 4
13 33 3
13 34 4
13 35 3
13 36 4
13 37 5
13 38 5
14 0 6
14 1 6
14 2 3
14 3 2
14 4 7
14 5 8
14 7 5
14 8 4
14 9 4
14 10 5
14 11 7
14 12 8
14 13 4
14 15 6
14 16 6
14 17 4
14 18 5
14 19 9
14 20 3
14 21 3
14 22 4
14 23 5
14 24 7
14 25 7
14 26 7
14 27 7
14 28 8
14 29 5
14 30 4
14 31 3
14 32 7
14 33 3
14 34 4
14 35 4
14 36 7
14 37 7
14 38 8
15 0 7
15 1 5
15 2 4
15 3 2
15 4 6
15 5 9
15 6 4
15 7 4
15 8 3
15 9 5
15 10 6
15 11 7
15 12 7
15 13 3
15 14 7
15 16 7
15 17 6
15 18 5
15 19 9
15 20 2
15 21 3
15 22 4
15 23 6
15 24 8
15 25 8
15 26 7
15 27 9
15 28 8
15 29 5
15 30 5
15 31 5
15 32 8
15 33 3
15 34 6
15 35 5
15 36 6
15 37 7
15 38 9
16 0 7
16 1 6
16 2 3
16 3 2
16 4 6
16 5 8
16 6 4
16 7 4
16 8 4
16 9 5
16 10 4
16 11 6
16 12 7
16 13 4
16 14 6
16 15 7
16 17 5
16 18 4
16 19 9
16 20 3
16 21 2
16 22 4
16 23 5
16 24 6
16 25 8
16 26 7
16 27 8
16 28 8
16 29 6
16 30 4
16 31 3
16 32 7
16 33 4
16 34 5
16 35 4
16 36 6
16 37 6
16 38 8
17 0 5
17 1 5
17 3 3
17 4 5
17 5 6
17 6 3
17 7 3
17 8 4
17 9 4
17 10 5
17 11 6
17 12 5
17 13 3
17 14 4
17 15 5
17 16 5
17 18 3
17 19 6
17 20 2
17 21 3
17 22 4
17 23 4
17 24 5
17 25 6
17 26 6
17 27 7
17 28 6
17 29 5
17 30 3
17 31 3
17 32 5
17 33 3
17 34 4
17 35 3
17 36 6
17 37 6
17 38 6
18 0 4
18 1 4
18 2 3
18 3 3
18 4 4
18 5 6
18 6 2
18 7 4
18 8 2
18 9 4
18 10 4
18 11 4
18 12 5
18 13 4
18 14 4
18 15 4
18 16 5
18 17 4
18 19 6
18 20 3
18 21 3
18 22 3
18 23 5
18 24 4
18 25 6
18 26 4
18 27 6
18 28 5
18 29 3
18 30 3
18 32 5
18 33 2
18 34 4
18 35 3
18 36 5
18 37 5
18 38 5
19 0 10
19 1 7
19 2 3
19 3 3
19 4 8
19 5 12
19 6 4
19 7 6
19 8 5
19 9 6
19 10 7
19 11 9
19 12 10
19 13 4
19 14 9
19 15 9
19 16 8
19 17 7
19 18 5
19 20 2
19 21 3
19 22 6
19 23 8
19 24 10
19 25 12
19 26 8
19 27 11
19 28 12
19 29 7
19 30 5
19 31 6
19 32 10
19 33 5
19 34 6
19 35 6
19 36 9
19 37 10
19 38 11
20 0 3
20 1 3
20 2 3
20 3 2
20 4 2
20 5 2
20 6 3
20 8 3
20 9 3
20 10 3
20 11 3
20 12 3
20 13 3
20 14 2
20 15 2
20 16 2
20 17 2
20 18 2
20 19 2
20 21 2
20 22 3
20 23 3
20 24 3
20 25 2
20 26 2
20 27 2
20 28 2
20 29 3
20 30 2
20 31 2
20 32 2
20 33 3
20 34 3
20 35 2
20 36 3
20 37 3
20 38 2
21 0 2
21 1 3
21 2 3
21 3 2
21 4 3
21 5 3
21 6 3
21 7 3
21 8 2
21 9 3
21 10 3
21 11 2
21 12 2
21 13 2
21 14 3
21 15 2
21 16 3
21 17 2
21 18 2
21 19 3
21 20 3
21 22 2
21 23 3
21 24 3
21 25 2
21 26 3
21 27 2
21 28 2
21 29 3
21 30 2
21 31 3
21 32 2
21 33 2
21 34 2
21 35 2
21 36 3
21 37 2
21 38 3
22 0 6
22 1 4
22 2 3
22 3 3
22 4 4
22 5 7
22 6 3
22 7 3
22 8 3
22 9 4
22 10 3
22 11 4
22 12 5
22 13 3
22 14 4
22 15 4
22 16 4
22 17 5
22 18 3
22 19 6
22 20 2
22 21 3
22 23 5
22 24 6
22 25 7
22 26 5
22 27 6
22 28 6
22 29 5
22 30 3
22 31 4
22 32 5
22 33 2
22 34 5
22 35 4
22 36 5
22 37 6
22 38 6
23 0 7
23 1 6
23 2 4
23 3 2
23 4 7
23 5 8
23 6 3
23 7 4
23 8 4
23 9 4
23 10 5
23 11 7
23 13 4
23 14 6
23 15 7
23 16 6
23 17 5
23 18 5
23 19 9
23 20 3
23 21 3
23 22 4
23 24 7
23 25 9
23 26 6
23 27 7
23 28 7
23 30 5
23 31 4
23 32 8
23 33 3
23 34 6
23 35 3
23 36 6
23 37 7
23 38 8
24 0 7
24 1 6
24 2 3
24 3 2
24 4 8
24 5 10
24 6 3
24 7 5
24 8 4
24 9 5
24 10 5
24 11 6
24 12 9
24 13 5
24 15 8
24 16 6
24 17 6
24 18 5
24 19 10
24 20 3
24 21 3
24 22 5
24 25 10
24 26 8
24 27 9
24 28 9
24 29 5
24 30 4
24 31 5
24 32 8
24 33 3
24 34 5
24 35 4
24 36 6
24 37 8
24 38 9
25 0 9
25 1 8
25 2 4
25 3 2
25 4 9
25 5 12
25 6 4
25 7 5
25 8 4
25 9 5
25 10 7
25 11 8
25 12 10
25 13 4
25 14 8
25 15 9
25 16 7
25 17 6
25 18 5
25 19 11
25 20 2
25 21 3
25 22 6
25 23 8
25 24 10
25 26 8
25 27 10
25 28 11
25 29 8
25 30 5
25 31 4
25 32 10
25 33 4
25 34 7
25 35 4
25 36 9
25 37 10
25 38 12
26 0 7
26 1 5
26 2 4
26 3 3
26 4 6
26 5 9
26 6 3
26 7 5
26 8 4
26 9 5
26 10 5
26 11 7
26 12 8
26 13 4
26 14 6
26 15 6
26 16 7
26 17 5
26 18 5
26 19 8
26 20 2
26 21 3
26 22 4
26 23 7
26 24 8
26 25 8
26 27 9
26 28 8
26 29 5
26 30 4
26 31 5
26 32 7
26 33 3
26 34 6
26 35 4
26 36 6
26 37 8
26 38 8
27 0 9
27 1 7
27 2 3
27 3 3
27 4 9
27 5 11
27 6 4
27 7 5
27 8 4
27 9 5
27 10 6
27 11 9
27 12 10
27 13 5
27 14 7
27 15 8
27 16 7
27 17 6
27 18 6
27 19 12
27 20 2
27 21 3
27 22 6
27 23 8
27 24 8
27 25 10
27 26 8
27 28 11
27 29 8
27 30 6
27 31 5
27 32 9
27 33 4
27 34 6
27 35 5
27 36 9
27 37 9
27 38 10
28 0 9
28 1 7
28 2 4
28 3 3
28 4 8
28 5 11
28 6 4
28 7 5
28 8 5
28 9 6
28 10 7
28 11 8
28 12 10
28 13 5
28 14 7
28 15 9
28 16 7
28 17 6
28 18 5
28 19 12
28 20 3
28 21 2
28 22 7
28 23 8
28 24 8
28 25 12
28 26 9
28 27 10
28 29 8
28 30 6
28 31 5
28 32 10
28 33 4
28 34 6
28 35 5
28 36 8
28 37 10
28 38 11
29 0 7
29 1 5
29 2 4
29 3 2
29 4 6
29 5 8
29 6 4
29 7 5
29 8 4
29 9 3
29 10 4
29 11 6
29 12 6
29 13 4
29 14 5
29 15 5
29 16 6
29 17 4
29 18 3
29 19 8
29 20 2
29 21 2
29 22 5
29 23 6
29 24 5
29 25 8
29 26 5
29 27 8
29 28 7
29 30 5
29 31 4
29 32 7
29 33 3
29 34 5
29 35 3
29 36 6
29 37 6
29 38 7
30 0 5
30 1 5
30 2 3
30 3 2
30 4 5
30 5 6
30 6 2
30 7 4
30 8 3
30 9 3
30 10 3
30 11 4
30 12 6
30 13 4
30 14 4
30 15 5
30 16 5
30 17 3
30 18 4
30 19 6
30 20 2
30 21 3
30 22 4
30 23 5
30 24 5
30 25 6
30 26 4
30 27 6
30 28 6
30 29 4
30 31 4
30 32 5
30 33 2
30 34 3
30 35 4
30 36 4
30 37 5
30 38 5
31 0 4
31 1 3
31 2 2
31 3 2
31 4 5
31 5 4
31 6 2
31 7 3
31 8 3
31 9 4
31 10 4
31 11 4
31 12 4
31 13 3
31 14 4
31 15 5
31 16 3
31 17 3
31 18 4
31 19 5
31 20 2
31 21 2
31 22 4
31 23 4
31 24 5
31 25 4
31 26 4
31 27 4
31 28 4
31 29 3
31 30 3
31 32 5
31 33 3
31 34 4
31 35 3
31 36 5
31 37 5
31 38 5
32 0 9
32 1 6
32 2 4
32 3 2
32 4 8
32 5 11
32 6 4
32 7 6
32 8 5
32 9 4
32 10 6
32 11 7
32 12 9
32 13 4
32 14 8
32 15 8
32 16 8
32 17 5
32 18 6
32 19 10
32 20 3
32 21 2
32 22 6
32 23 7
32 24 9
32 25 10
32 27 10
32 28 11
32 29 6
32 30 5
32 31 5
32 33 4
32 34 7
32 35 4
32 36 7
32 37 8
32 38 10
33 0 3
33 1 4
33 2 3
33 3 2
33 4 4
33 5 5
33 6 3
33 7 3
33 8 3
33 9 2
33 10 4
33 11 3
33 12 3
33 13 3
33 14 4
33 15 3
33 16 3
33 17 4
33 18 2
33 19 5
33 20 2
33 21 3
33 22 3
33 23 4
33 24 4
33 25 5
33 26 3
33 27 4
33 28 4
33 29 3
33 30 2
33 31 2
33 32 3
33 34 4
33 35 2
33 36 4
33 37 4
33 38 4
34 0 5
34 1 4
34 2 3
34 3 2
34 4 5
34 5 7
34 6 4
34 7 3
34 8 4
34 9 3
34 10 4
34 11 5
34 12 5
34 13 4
34 14 4
34 15 5
34 16 4
34 17 5
34 18 4
34 19 6
34 20 3
34 21 2
34 22 5
34 23 6
34 24 5
34 25 7
34 26 5
34 27 7
34 28 6
34 29 4
34 30 3
34 31 4
34 32 6
34 33 4
34 35 4
34 36 6
34 37 5
34 38 7
35 0 4
35 1 3
35 2 3
35 3 2
35 4 5
35 5 4
35 6 3
35 7 4
35 8 2
35 9 3
35 10 3
35 11 4
35 12 4
35 13 2
35 14 3
35 15 5
35 16 4
35 17 4
35 18 3
35 19 5
35 20 3
35 21 3
35 22 3
35 23 4
35 24 5
35 25 5
35 26 4
35 27 4
35 28 5
35 29 4
35 30 3
35 31 3
35 32 4
35 33 2
35 34 3
35 36 5
35 37 4
35 38 5
36 0 7
36 1 5
36 2 3
36 3 3
36 4 6
36 5 8
36 6 4
36 7 5
36 8 3
36 9 5
36 10 4
36 11 7
36 12 7
36 13 4
36 14 7
36 15 6
36 16 6
36 17 5
36 18 4
36 19 9
36 20 2
36 21 3
36 22 5
36 23 7
36 24 6
36 25 9
36 26 7
36 27 8
36 28 9
36 29 6
36 30 4
36 31 4
36 32 8
36 33 3
36 34 6
36 35 4
36 37 7
36 38 8
37 0 8
37 1 6
37 2 3
37 3 3
37 4 8
37 5 9
37 6 4
37 7 4
37 8 4
37 9 4
37 10 5
37 11 8
37 12 9
37 13 5
37 14 6
37 15 8
37 16 6
37 17 6
37 18 5
37 19 10
37 20 2
37 21 2
37 22 6
37 23 6
37 24 7
37 25 9
37 26 8
37 27 9
37 28 9
37 29 7
37 30 5
37 31 5
37 32 9
37 33 4
37 34 6
37 35 5
37 36 7
37 38 9
38 0 10
38 1 8
38 2 3
38 3 2
38 4 9
38 5 11
38 6 4
38 7 6
38 8 5
38 9 6
38 10 6
38 11 9
38 12 10
38 13 5
38 14 8
38 15 8
38 16 7
38 17 6
38 18 5
38 19 12
38 20 3
38 21 3
38 22 7
38 23 9
38 24 9
38 25 12
38 26 9
38 27 10
38 28 11
38 29 7
38 30 5
38 31 4
38 32 10
38 33 4
38 34 6
38 35 5
38 36 9
38 37 10
