35 80 595 189 1740 3292

0 24
0 30
0 32
1 3
1 6
1 9
1 14
1 21
1 28
2 12
2 15
2 17
2 33
3 14
3 17
3 25
3 27
4 6
4 18
4 24
4 28
5 25
5 27
6 9
6 21
6 24
6 28
6 32
7 9
7 14
7 23
7 31
8 11
8 13
8 19
8 22
8 28
9 11
9 14
9 23
9 28
10 15
10 33
11 22
11 23
11 28
12 16
12 33
13 22
14 25
15 17
15 27
16 21
16 26
16 33
16 34
17 21
17 25
17 26
17 27
18 22
18 28
19 23
20 26
20 29
20 30
21 32
21 34
22 28
23 31
24 32
25 31
26 29
26 34
28 32
29 30
29 32
29 34
30 32
32 34

0 1 10
0 2 2
0 3 9
0 4 7
0 5 4
0 6 2
0 7 6
0 8 3
0 9 4
0 10 9
0 11 6
0 12 7
0 13 2
0 14 5
0 15 4
0 16 5
0 17 8
0 18 6
0 19 4
0 20 7
0 21 6
0 22 6
0 23 5
0 24 1
0 25 7
0 26 2
0 27 7
0 28 9
0 29 5
0 30 8
0 31 5
0 32 4
0 33 8
0 34 6
1 2 4
1 3 10
1 4 7
1 5 3
1 6 4
1 7 2
1 8 8
1 9 10
1 10 7
1 11 1
1 12 4
1 13 2
1 14 7
1 15 2
1 16 9
1 17 9
1 18 6
1 19 7
1 20 9
1 21 1
1 22 2
1 23 7
1 24 7
1 25 3
1 26 2
1 27 3
1 28 7
1 29 4
1 30 4
1 31 4
1 32 7
1 33 8
1 34 8
2 3 6
2 4 6
2 5 8
2 6 9
2 7 2
2 8 7
2 9 5
2 10 3
2 11 2
2 12 9
2 13 2
2 14 5
2 15 6
2 16 4
2 17 6
2 18 3
2 19 4
2 20 2
2 21 8
2 22 2
2 23 4
2 24 8
2 25 9
2 26 8
2 27 8
2 28 7
2 29 4
2 30 9
2 31 3
2 32 9
2 33 3
2 34 3
3 4 6
3 5 10
3 6 1
3 7 2
3 8 6
3 9 5
3 10 2
3 11 3
3 12 9
3 13 3
3 14 2
3 15 2
3 16 9
3 17 2
3 18 1
3 19 2
3 20 4
3 21 9
3 22 5
3 23 5
3 24 10
3 25 9
3 26 6
3 27 9
3 28 7
3 29 5
3 30 3
3 31 1
3 32 6
3 33 10
3 34 5
4 5 3
4 6 6
4 7 3
4 8 7
4 9 10
4 10 5
4 11 9
4 12 1
4 13 9
4 14 6
4 15 8
4 16 6
4 17 2
4 18 3
4 19 4
4 20 1
4 21 5
4 22 2
4 23 7
4 24 9
4 25 2
4 26 8
4 27 7
4 28 7
4 29 8
4 30 6
4 31 7
4 32 2
4 33 7
4 34 8
5 6 8
5 7 1
5 8 9
5 9 7
5 10 7
5 11 2
5 12 6
5 13 10
5 14 2
5 15 3
5 16 2
5 17 10
5 18 7
5 19 4
5 20 9
5 21 4
5 22 7
5 23 3
5 24 2
5 25 3
5 26 6
5 27 9
5 28 2
5 29 9
5 30 5
5 31 2
5 32 8
5 33 3
5 34 10
6 7 8
6 8 9
6 9 3
6 10 5
6 11 1
6 12 8
6 13 2
6 14 5
6 15 4
6 16 10
6 17 1
6 18 3
6 19 3
6 20 3
6 21 2
6 22 7
6 23 9
6 24 9
6 25 3
6 26 8
6 27 7
6 28 7
6 29 9
6 30 5
6 31 9
6 32 7
6 33 2
6 34 7
7 8 6
7 9 5
7 10 9
7 11 6
7 12 6
7 13 6
7 14 3
7 15 5
7 16 4
7 17 1
7 18 8
7 19 3
7 20 2
7 21 5
7 22 6
7 23 2
7 24 3
7 25 2
7 26 7
7 27 5
7 28 6
7 29 7
7 30 5
7 31 7
7 32 5
7 33 9
7 34 6
8 9 3
8 10 10
8 11 9
8 12 5
8 13 10
8 14 3
8 15 9
8 16 6
8 17 5
8 18 7
8 19 7
8 20 1
8 21 4
8 22 3
8 23 5
8 24 9
8 25 7
8 26 8
8 27 9
8 28 5
8 29 5
8 30 9
8 31 4
8 32 4
8 33 6
8 34 4
9 10 8
9 11 8
9 12 8
9 13 8
9 14 2
9 15 3
9 16 3
9 17 7
9 18 9
9 19 4
9 20 6
9 21 2
9 22 9
9 23 3
9 24 6
9 25 7
9 26 5
9 27 7
9 28 2
9 29 2
9 30 2
9 31 1
9 32 4
9 33 4
9 34 7
10 11 2
10 12 5
10 13 2
10 14 7
10 15 8
10 16 3
10 17 7
10 18 7
10 19 7
10 20 6
10 21 2
10 22 6
10 23 1
10 24 10
10 25 5
10 26 10
10 27 8
10 28 6
10 29 7
10 30 7
10 31 4
10 32 4
10 33 1
10 34 8
11 12 3
11 13 2
11 14 4
11 15 8
11 16 3
11 17 4
11 18 5
11 19 1
11 20 5
11 21 6
11 22 6
11 23 8
11 24 5
11 25 4
11 26 9
11 27 9
11 28 7
11 29 10
11 30 1
11 31 6
11 32 9
11 33 4
11 34 4
12 13 4
12 14 1
12 15 7
12 16 5
12 17 1
12 18 1
12 19 5
12 20 9
12 21 9
12 22 5
12 23 8
12 24 7
12 25 8
12 26 9
12 27 6
12 28 6
12 29 2
12 30 8
12 31 5
12 32 6
12 33 6
12 34 6
13 14 8
13 15 7
13 16 4
13 17 1
13 18 3
13 19 4
13 20 3
13 21 8
13 22 4
13 23 9
13 24 2
13 25 8
13 26 7
13 27 9
13 28 3
13 29 6
13 30 9
13 31 8
13 32 10
13 33 3
13 34 9
14 15 8
14 16 10
14 17 9
14 18 9
14 19 7
14 20 3
14 21 7
14 22 3
14 23 3
14 24 8
14 25 8
14 26 3
14 27 7
14 28 5
14 29 2
14 30 8
14 31 9
14 32 2
14 33 4
14 34 6
15 16 5
15 17 8
15 18 3
15 19 8
15 20 10
15 21 1
15 22 7
15 23 7
15 24 3
15 25 2
15 26 3
15 27 7
15 28 9
15 29 6
15 30 4
15 31 8
15 32 3
15 33 7
15 34 3
16 17 3
16 18 10
16 19 4
16 20 1
16 21 8
16 22 2
16 23 1
16 24 1
16 25 4
16 26 7
16 27 4
16 28 5
16 29 5
16 30 2
16 31 6
16 32 7
16 33 4
16 34 7
17 18 9
17 19 6
17 20 6
17 21 1
17 22 5
17 23 3
17 24 5
17 25 9
17 26 5
17 27 2
17 28 6
17 29 7
17 30 8
17 31 9
17 32 9
17 33 4
17 34 9
18 19 7
18 20 8
18 21 8
18 22 8
18 23 9
18 24 9
18 25 9
18 26 6
18 27 5
18 28 2
18 29 4
18 30 8
18 31 5
18 32 3
18 33 1
18 34 7
19 20 8
19 21 2
19 22 2
19 23 4
19 24 7
19 25 8
19 26 2
19 27 2
19 28 1
19 29 4
19 30 1
19 31 10
19 32 7
19 33 1
19 34 9
20 21 7
20 22 5
20 23 1
20 24 3
20 25 5
20 26 7
20 27 8
20 28 1
20 29 8
20 30 2
20 31 7
20 32 6
20 33 10
20 34 5
21 22 3
21 23 4
21 24 8
21 25 4
21 26 5
21 27 6
21 28 2
21 29 10
21 30 8
21 31 2
21 32 5
21 33 7
21 34 10
22 23 8
22 24 7
22 25 7
22 26 10
22 27 7
22 28 4
22 29 6
22 30 4
22 31 6
22 32 7
22 33 3
22 34 6
23 24 5
23 25 10
23 26 7
23 27 8
23 28 7
23 29 5
23 30 8
23 31 8
23 32 10
23 33 3
23 34 7
24 25 9
24 26 6
24 27 9
24 28 6
24 29 5
24 30 5
24 31 9
24 32 9
24 33 3
24 34 3
25 26 3
25 27 8
25 28 9
25 29 7
25 30 1
25 31 7
25 32 1
25 33 6
25 34 6
26 27 5
26 28 2
26 29 10
26 30 2
26 31 6
26 32 1
26 33 3
26 34 7
27 28 4
27 29 4
27 30 7
27 31 5
27 32 5
27 33 3
27 34 7
28 29 2
28 30 5
28 31 6
28 32 8
28 33 5
28 34 1
29 30 4
29 31 4
29 32 2
29 33 8
29 34 8
30 31 9
30 32 7
30 33 7
30 34 6
31 32 8
31 33 8
31 34 10
32 33 5
32 34 4
33 34 2
