28 41 378 136 1017 1898

0 6
0 11
0 12
0 13
1 3
1 21
2 14
2 15
3 7
3 26
4 8
4 12
4 17
4 20
4 25
5 15
5 19
6 10
6 19
7 20
7 25
8 18
9 11
9 13
10 12
10 17
10 23
13 19
14 19
16 17
16 21
16 27
17 24
18 22
19 23
20 24
21 26
22 25
23 27
24 26
27 14

0 1 6
0 2 6
0 3 2
0 4 16
0 5 4
0 6 16
0 7 4
0 8 8
0 9 4
0 10 20
0 11 26
0 12 28
0 13 38
0 14 8
0 15 6
0 16 16
0 17 14
0 18 8
0 19 10
0 20 8
0 21 14
0 22 12
0 23 10
0 24 6
0 25 18
0 26 2
0 27 8
1 2 2
1 3 2
1 4 2
1 5 2
1 6 2
1 7 2
1 8 2
1 9 2
1 10 8
1 11 2
1 12 2
1 13 4
1 14 2
1 15 2
1 16 2
1 17 2
1 18 2
1 19 2
1 20 2
1 21 2
1 22 2
1 23 2
1 24 2
1 25 2
1 26 2
1 27 2
2 3 2
2 4 4
2 5 4
2 6 2
2 7 2
2 8 2
2 9 2
2 10 18
2 11 4
2 12 4
2 13 12
2 14 4
2 15 6
2 16 6
2 17 4
2 18 2
2 19 2
2 20 2
2 21 4
2 22 2
2 23 2
2 24 2
2 25 4
2 26 2
2 27 2
3 4 2
3 5 2
3 6 2
3 7 2
3 8 2
3 9 2
3 10 4
3 11 2
3 12 2
3 13 2
3 14 2
3 15 2
3 16 2
3 17 2
3 18 2
3 19 2
3 20 2
3 21 2
3 22 2
3 23 2
3 24 2
3 25 2
3 26 2
3 27 2
4 5 2
4 6 4
4 7 2
4 8 4
4 9 2
4 10 28
4 11 8
4 12 14
4 13 12
4 14 4
4 15 2
4 16 6
4 17 8
4 18 2
4 19 4
4 20 8
4 21 4
4 22 4
4 23 4
4 24 4
4 25 12
4 26 2
4 27 4
5 6 2
5 7 2
5 8 2
5 9 2
5 10 8
5 11 4
5 12 2
5 13 16
5 14 4
5 15 4
5 16 4
5 17 4
5 18 2
5 19 4
5 20 2
5 21 4
5 22 2
5 23 2
5 24 2
5 25 2
5 26 2
5 27 2
6 7 2
6 8 2
6 9 2
6 10 10
6 11 4
6 12 4
6 13 10
6 14 2
6 15 2
6 16 4
6 17 4
6 18 2
6 19 4
6 20 2
6 21 2
6 22 2
6 23 4
6 24 2
6 25 4
6 26 2
6 27 2
7 8 2
7 9 2
7 10 8
7 11 2
7 12 2
7 13 4
7 14 2
7 15 2
7 16 2
7 17 4
7 18 2
7 19 2
7 20 2
7 21 2
7 22 2
7 23 2
7 24 4
7 25 4
7 26 2
7 27 2
8 9 2
8 10 4
8 11 2
8 12 4
8 13 4
8 14 2
8 15 2
8 16 2
8 17 2
8 18 2
8 19 2
8 20 2
8 21 2
8 22 2
8 23 2
8 24 2
8 25 4
8 26 2
8 27 2
9 10 2
9 11 4
9 12 2
9 13 6
9 14 2
9 15 2
9 16 2
9 17 2
9 18 2
9 19 2
9 20 2
9 21 2
9 22 2
9 23 2
9 24 2
9 25 2
9 26 2
9 27 2
10 11 14
10 12 20
10 13 20
10 14 16
10 15 10
10 16 28
10 17 32
10 18 4
10 19 8
10 20 14
10 21 26
10 22 8
10 23 24
10 24 10
10 25 34
10 26 4
10 27 14
11 12 8
11 13 54
11 14 4
11 15 4
11 16 8
11 17 8
11 18 4
11 19 6
11 20 4
11 21 6
11 22 4
11 23 4
11 24 4
11 25 8
11 26 2
11 27 4
12 13 14
12 14 4
12 15 2
12 16 6
12 17 6
12 18 2
12 19 4
12 20 4
12 21 4
12 22 4
12 23 4
12 24 2
12 25 8
12 26 2
12 27 4
13 14 8
13 15 20
13 16 12
13 17 12
13 18 4
13 19 22
13 20 6
13 21 10
13 22 6
13 23 8
13 24 4
13 25 12
13 26 2
13 27 6
14 15 2
14 16 8
14 17 4
14 18 2
14 19 4
14 20 2
14 21 4
14 22 2
14 23 4
14 24 2
14 25 4
14 26 2
14 27 4
15 16 4
15 17 4
15 18 2
15 19 2
15 20 2
15 21 4
15 22 2
15 23 2
15 24 2
15 25 4
15 26 2
15 27 2
16 17 12
16 18 2
16 19 4
16 20 4
16 21 10
16 22 2
16 23 8
16 24 4
16 25 6
16 26 2
16 27 8
17 18 2
17 19 4
17 20 6
17 21 6
17 22 2
17 23 8
17 24 4
17 25 8
17 26 2
17 27 6
18 19 2
18 20 2
18 21 2
18 22 2
18 23 2
18 24 2
18 25 2
18 26 2
18 27 2
19 20 2
19 21 4
19 22 2
19 23 4
19 24 2
19 25 4
19 26 2
19 27 2
20 21 4
20 22 2
20 23 2
20 24 4
20 25 6
20 26 2
20 27 2
21 22 2
21 23 4
21 24 4
21 25 6
21 26 2
21 27 4
22 23 2
22 24 2
22 25 4
22 26 2
22 27 2
23 24 2
23 25 4
23 26 2
23 27 8
24 25 4
24 26 2
24 27 2
25 26 2
25 27 4
26 27 2
