14 21 91 775 3097 5420

0 1
0 12
0 13
1 11
1 13
2 7
2 11
2 12
3 8
3 9
3 11
4 10
4 11
5 7
5 10
5 13
6 8
6 9
6 12
8 10
9 10

0 1 52
0 2 18
0 3 32
0 4 64
0 5 40
0 6 34
0 7 14
0 8 16
0 9 50
0 10 40
0 11 52
0 12 22
0 13 24
1 2 26
1 3 46
1 4 94
1 5 58
1 6 48
1 7 20
1 8 22
1 9 74
1 10 56
1 11 76
1 12 30
1 13 32
2 3 22
2 4 44
2 5 30
2 6 24
2 7 12
2 8 10
2 9 34
2 10 26
2 11 40
2 12 16
2 13 14
3 4 122
3 5 74
3 6 70
3 7 22
3 8 60
3 9 168
3 10 194
3 11 78
3 12 24
3 13 26
4 5 148
4 6 126
4 7 44
4 8 54
4 9 182
4 10 144
4 11 172
4 12 46
4 13 52
5 6 102
5 7 34
5 8 34
5 9 114
5 10 88
5 11 102
5 12 30
5 13 34
6 7 26
6 8 32
6 9 110
6 10 86
6 11 84
6 12 26
6 13 28
7 8 10
7 9 34
7 10 26
7 11 38
7 12 12
7 13 12
8 9 168
8 10 236
8 11 36
8 12 12
8 13 12
9 10 324
9 11 122
9 12 36
9 13 42
10 11 94
10 12 28
10 13 32
11 12 40
11 13 42
12 13 16
