nbNodes nbEdges nbDemands lvnf mvnf hvnf u
27 51 702 397 2872 5348

0 1
0 19
0 20
1 2
1 19
2 3
3 4
3 18
4 5
4 13
4 17
5 6
5 13
6 7
6 13
7 8
8 9
8 11
9 10
9 11
10 11
10 14
10 25
11 12
12 14
12 16
13 16
14 15
15 16
15 17
15 18
15 23
15 25
16 17
17 18
18 19
18 23
18 26
19 20
19 21
19 26
20 21
21 22
21 23
21 26
22 23
22 24
22 26
23 24
23 26
24 25

0 1 10
1 0 11
0 2 11
2 0 8
0 3 2
3 0 12
0 4 14
4 0 7
0 5 6
5 0 1
0 6 7
6 0 10
0 7 2
7 0 12
0 8 11
8 0 1
0 9 11
9 0 3
0 10 14
10 0 2
0 11 6
11 0 7
0 12 5
12 0 11
0 13 3
13 0 8
0 14 6
14 0 5
0 15 14
15 0 12
0 16 13
16 0 13
0 17 10
17 0 9
0 18 1
18 0 14
0 19 7
19 0 13
0 20 6
20 0 9
0 21 12
21 0 1
0 22 2
22 0 3
0 23 2
23 0 11
0 24 3
24 0 11
0 25 7
25 0 5
0 26 11
26 0 14
1 2 4
2 1 6
1 3 13
3 1 13
1 4 14
4 1 13
1 5 12
5 1 12
1 6 11
6 1 8
1 7 4
7 1 14
1 8 7
8 1 11
1 9 11
9 1 10
1 10 4
10 1 9
1 11 5
11 1 4
1 12 11
12 1 9
1 13 9
13 1 10
1 14 9
14 1 7
1 15 11
15 1 6
1 16 10
16 1 8
1 17 11
17 1 5
1 18 4
18 1 6
1 19 3
19 1 14
1 20 11
20 1 14
1 21 11
21 1 1
1 22 10
22 1 13
1 23 1
23 1 11
1 24 6
24 1 8
1 25 5
25 1 1
1 26 10
26 1 11
2 3 2
3 2 3
2 4 3
4 2 14
2 5 4
5 2 9
2 6 10
6 2 9
2 7 10
7 2 8
2 8 7
8 2 13
2 9 2
9 2 7
2 10 5
10 2 2
2 11 7
11 2 9
2 12 8
12 2 12
2 13 4
13 2 14
2 14 9
14 2 7
2 15 3
15 2 11
2 16 3
16 2 14
2 17 10
17 2 14
2 18 7
18 2 12
2 19 10
19 2 10
2 20 12
20 2 14
2 21 13
21 2 8
2 22 14
22 2 8
2 23 12
23 2 6
2 24 4
24 2 3
2 25 9
25 2 12
2 26 13
26 2 9
3 4 4
4 3 11
3 5 9
5 3 1
3 6 1
6 3 4
3 7 11
7 3 3
3 8 2
8 3 13
3 9 14
9 3 5
3 10 6
10 3 13
3 11 11
11 3 7
3 12 7
12 3 10
3 13 11
13 3 13
3 14 12
14 3 12
3 15 7
15 3 13
3 16 6
16 3 10
3 17 1
17 3 6
3 18 6
18 3 10
3 19 11
19 3 8
3 20 10
20 3 1
3 21 11
21 3 9
3 22 2
22 3 11
3 23 14
23 3 7
3 24 14
24 3 9
3 25 9
25 3 9
3 26 4
26 3 9
4 5 3
5 4 3
4 6 4
6 4 5
4 7 9
7 4 7
4 8 12
8 4 3
4 9 10
9 4 12
4 10 3
10 4 8
4 11 4
11 4 5
4 12 4
12 4 9
4 13 7
13 4 14
4 14 7
14 4 8
4 15 7
15 4 14
4 16 14
16 4 14
4 17 7
17 4 4
4 18 4
18 4 12
4 19 3
19 4 4
4 20 12
20 4 7
4 21 13
21 4 11
4 22 7
22 4 8
4 23 6
23 4 14
4 24 6
24 4 12
4 25 10
25 4 3
4 26 7
26 4 10
5 6 14
6 5 2
5 7 4
7 5 10
5 8 14
8 5 7
5 9 10
9 5 12
5 10 9
10 5 5
5 11 12
11 5 1
5 12 2
12 5 3
5 13 14
13 5 14
5 14 9
14 5 1
5 15 14
15 5 6
5 16 9
16 5 7
5 17 2
17 5 9
5 18 12
18 5 4
5 19 3
19 5 8
5 20 1
20 5 2
5 21 13
21 5 5
5 22 9
22 5 5
5 23 4
23 5 8
5 24 8
24 5 3
5 25 14
25 5 13
5 26 6
26 5 1
6 7 3
7 6 4
6 8 3
8 6 1
6 9 8
9 6 1
6 10 14
10 6 7
6 11 4
11 6 11
6 12 8
12 6 4
6 13 6
13 6 5
6 14 14
14 6 7
6 15 9
15 6 9
6 16 11
16 6 4
6 17 13
17 6 2
6 18 2
18 6 3
6 19 5
19 6 5
6 20 3
20 6 9
6 21 8
21 6 5
6 22 11
22 6 5
6 23 2
23 6 12
6 24 7
24 6 5
6 25 1
25 6 5
6 26 1
26 6 6
7 8 8
8 7 6
7 9 5
9 7 6
7 10 5
10 7 14
7 11 7
11 7 8
7 12 7
12 7 11
7 13 6
13 7 14
7 14 2
14 7 4
7 15 1
15 7 4
7 16 3
16 7 10
7 17 5
17 7 13
7 18 13
18 7 3
7 19 2
19 7 7
7 20 4
20 7 1
7 21 4
21 7 2
7 22 1
22 7 14
7 23 1
23 7 4
7 24 5
24 7 10
7 25 1
25 7 11
7 26 4
26 7 7
8 9 5
9 8 10
8 10 2
10 8 3
8 11 1
11 8 13
8 12 12
12 8 6
8 13 5
13 8 12
8 14 2
14 8 10
8 15 12
15 8 10
8 16 5
16 8 1
8 17 4
17 8 11
8 18 9
18 8 2
8 19 5
19 8 11
8 20 7
20 8 3
8 21 11
21 8 13
8 22 8
22 8 8
8 23 7
23 8 10
8 24 2
24 8 14
8 25 4
25 8 9
8 26 5
26 8 9
9 10 3
10 9 4
9 11 13
11 9 11
9 12 8
12 9 7
9 13 10
13 9 14
9 14 3
14 9 14
9 15 6
15 9 14
9 16 8
16 9 8
9 17 11
17 9 5
9 18 1
18 9 4
9 19 13
19 9 2
9 20 6
20 9 12
9 21 9
21 9 5
9 22 11
22 9 14
9 23 3
23 9 6
9 24 6
24 9 11
9 25 7
25 9 7
9 26 13
26 9 12
10 11 7
11 10 1
10 12 8
12 10 6
10 13 4
13 10 11
10 14 5
14 10 6
10 15 4
15 10 7
10 16 12
16 10 13
10 17 12
17 10 12
10 18 2
18 10 2
10 19 5
19 10 1
10 20 10
20 10 13
10 21 8
21 10 13
10 22 8
22 10 1
10 23 7
23 10 1
10 24 3
24 10 11
10 25 5
25 10 4
10 26 10
26 10 10
11 12 5
12 11 5
11 13 13
13 11 3
11 14 6
14 11 7
11 15 9
15 11 1
11 16 8
16 11 10
11 17 7
17 11 5
11 18 5
18 11 2
11 19 13
19 11 4
11 20 4
20 11 14
11 21 12
21 11 7
11 22 11
22 11 10
11 23 1
23 11 10
11 24 4
24 11 11
11 25 13
25 11 13
11 26 4
26 11 7
12 13 10
13 12 10
12 14 12
14 12 7
12 15 8
15 12 1
12 16 6
16 12 6
12 17 14
17 12 8
12 18 6
18 12 3
12 19 5
19 12 14
12 20 6
20 12 2
12 21 3
21 12 3
12 22 10
22 12 5
12 23 9
23 12 7
12 24 3
24 12 7
12 25 13
25 12 4
12 26 8
26 12 11
13 14 2
14 13 1
13 15 2
15 13 9
13 16 5
16 13 1
13 17 9
17 13 8
13 18 14
18 13 9
13 19 13
19 13 2
13 20 12
20 13 13
13 21 6
21 13 13
13 22 12
22 13 3
13 23 9
23 13 5
13 24 4
24 13 12
13 25 3
25 13 1
13 26 3
26 13 5
14 15 5
15 14 9
14 16 4
16 14 9
14 17 9
17 14 13
14 18 12
18 14 7
14 19 3
19 14 3
14 20 11
20 14 5
14 21 1
21 14 4
14 22 3
22 14 14
14 23 2
23 14 11
14 24 2
24 14 12
14 25 12
25 14 8
14 26 11
26 14 3
15 16 14
16 15 12
15 17 13
17 15 9
15 18 10
18 15 8
15 19 6
19 15 14
15 20 2
20 15 2
15 21 12
21 15 2
15 22 7
22 15 7
15 23 11
23 15 13
15 24 4
24 15 10
15 25 6
25 15 13
15 26 11
26 15 11
16 17 10
17 16 13
16 18 12
18 16 13
16 19 4
19 16 5
16 20 3
20 16 1
16 21 7
21 16 6
16 22 3
22 16 1
16 23 6
23 16 9
16 24 11
24 16 11
16 25 6
25 16 11
16 26 14
26 16 3
17 18 11
18 17 7
17 19 6
19 17 5
17 20 14
20 17 9
17 21 11
21 17 8
17 22 7
22 17 7
17 23 3
23 17 12
17 24 6
24 17 8
17 25 2
25 17 11
17 26 2
26 17 14
18 19 9
19 18 1
18 20 12
20 18 12
18 21 3
21 18 14
18 22 8
22 18 4
18 23 7
23 18 2
18 24 14
24 18 9
18 25 12
25 18 13
18 26 10
26 18 3
19 20 5
20 19 11
19 21 1
21 19 6
19 22 7
22 19 7
19 23 5
23 19 3
19 24 14
24 19 8
19 25 12
25 19 7
19 26 10
26 19 12
20 21 3
21 20 13
20 22 13
22 20 8
20 23 3
23 20 1
20 24 9
24 20 2
20 25 10
25 20 7
20 26 3
26 20 10
21 22 4
22 21 13
21 23 4
23 21 6
21 24 13
24 21 1
21 25 10
25 21 8
21 26 3
26 21 9
22 23 10
23 22 9
22 24 3
24 22 11
22 25 6
25 22 10
22 26 14
26 22 12
23 24 12
24 23 5
23 25 6
25 23 11
23 26 14
26 23 3
24 25 7
25 24 2
24 26 8
26 24 7
25 26 9
26 25 11
