40 89 780 5798 60875 115953

0 12
0 13
0 16
0 19
0 28
1 3
1 4
1 31
1 39
2 17
2 21
2 23
2 25
3 5
3 10
3 13
3 36
4 31
4 33
4 37
5 10
5 13
5 29
5 36
6 9
6 24
6 29
6 35
7 8
7 14
7 15
7 32
8 14
8 15
8 18
8 32
9 22
9 29
9 35
9 39
10 12
10 19
11 14
11 15
11 32
11 38
12 19
12 28
13 28
13 36
14 15
15 27
16 19
16 28
16 36
17 21
17 23
17 25
18 25
18 26
18 27
18 30
20 27
20 33
20 34
20 38
21 22
21 23
22 23
22 39
23 25
24 31
24 35
24 36
24 37
25 26
26 30
26 34
26 39
27 38
28 37
29 35
29 38
30 34
30 35
31 33
32 34
33 37
33 38

0 1 110
0 2 186
0 3 168
0 4 121
0 5 163
0 6 126
0 7 145
0 8 119
0 9 184
0 10 126
0 11 188
0 12 132
0 13 182
0 14 143
0 15 198
0 16 169
0 17 131
0 18 128
0 19 186
0 20 115
0 21 162
0 22 170
0 23 142
0 24 148
0 25 104
0 26 124
0 27 174
0 28 185
0 29 120
0 30 102
0 31 108
0 32 181
0 33 135
0 34 181
0 35 153
0 36 117
0 37 161
0 38 191
0 39 119
1 2 160
1 3 192
1 4 134
1 5 156
1 6 185
1 7 166
1 8 132
1 9 165
1 10 124
1 11 111
1 12 172
1 13 138
1 14 113
1 15 126
1 16 193
1 17 125
1 18 142
1 19 116
1 20 149
1 21 183
1 22 187
1 23 134
1 24 168
1 25 149
1 26 123
1 27 117
1 28 173
1 29 138
1 30 149
1 31 142
1 32 140
1 33 146
1 34 164
1 35 190
1 36 168
1 37 106
1 38 182
1 39 178
2 3 155
2 4 159
2 5 116
2 6 110
2 7 114
2 8 150
2 9 122
2 10 196
2 11 123
2 12 198
2 13 193
2 14 113
2 15 173
2 16 124
2 17 175
2 18 200
2 19 183
2 20 141
2 21 106
2 22 180
2 23 123
2 24 116
2 25 177
2 26 109
2 27 109
2 28 137
2 29 139
2 30 191
2 31 131
2 32 115
2 33 128
2 34 121
2 35 147
2 36 186
2 37 155
2 38 186
2 39 119
3 4 155
3 5 105
3 6 160
3 7 128
3 8 188
3 9 155
3 10 188
3 11 158
3 12 169
3 13 166
3 14 150
3 15 152
3 16 124
3 17 117
3 18 154
3 19 119
3 20 135
3 21 137
3 22 140
3 23 174
3 24 104
3 25 116
3 26 132
3 27 167
3 28 142
3 29 163
3 30 169
3 31 185
3 32 182
3 33 163
3 34 181
3 35 144
3 36 175
3 37 180
3 38 131
3 39 135
4 5 173
4 6 120
4 7 196
4 8 142
4 9 187
4 10 143
4 11 131
4 12 106
4 13 142
4 14 103
4 15 109
4 16 140
4 17 103
4 18 112
4 19 178
4 20 143
4 21 109
4 22 152
4 23 124
4 24 161
4 25 159
4 26 189
4 27 194
4 28 124
4 29 152
4 30 125
4 31 157
4 32 168
4 33 178
4 34 190
4 35 183
4 36 124
4 37 108
4 38 155
4 39 108
5 6 103
5 7 170
5 8 171
5 9 169
5 10 146
5 11 174
5 12 147
5 13 199
5 14 109
5 15 179
5 16 166
5 17 151
5 18 152
5 19 119
5 20 131
5 21 114
5 22 131
5 23 165
5 24 142
5 25 171
5 26 140
5 27 136
5 28 150
5 29 135
5 30 193
5 31 133
5 32 172
5 33 126
5 34 118
5 35 183
5 36 160
5 37 152
5 38 131
5 39 158
6 7 170
6 8 154
6 9 100
6 10 170
6 11 126
6 12 175
6 13 183
6 14 136
6 15 195
6 16 103
6 17 163
6 18 136
6 19 146
6 20 149
6 21 143
6 22 147
6 23 158
6 24 103
6 25 106
6 26 128
6 27 185
6 28 199
6 29 113
6 30 154
6 31 153
6 32 130
6 33 166
6 34 143
6 35 199
6 36 120
6 37 189
6 38 169
6 39 115
7 8 119
7 9 127
7 10 102
7 11 170
7 12 161
7 13 150
7 14 125
7 15 143
7 16 142
7 17 111
7 18 168
7 19 104
7 20 151
7 21 143
7 22 120
7 23 108
7 24 118
7 25 150
7 26 139
7 27 173
7 28 107
7 29 193
7 30 168
7 31 108
7 32 127
7 33 169
7 34 148
7 35 147
7 36 145
7 37 113
7 38 138
7 39 133
8 9 102
8 10 174
8 11 159
8 12 161
8 13 185
8 14 184
8 15 176
8 16 134
8 17 102
8 18 164
8 19 109
8 20 118
8 21 129
8 22 132
8 23 119
8 24 175
8 25 154
8 26 136
8 27 196
8 28 179
8 29 103
8 30 132
8 31 148
8 32 162
8 33 104
8 34 107
8 35 127
8 36 117
8 37 174
8 38 179
8 39 163
9 10 188
9 11 160
9 12 169
9 13 184
9 14 182
9 15 106
9 16 167
9 17 194
9 18 161
9 19 136
9 20 178
9 21 191
9 22 150
9 23 164
9 24 169
9 25 198
9 26 156
9 27 106
9 28 102
9 29 145
9 30 133
9 31 167
9 32 157
9 33 107
9 34 170
9 35 130
9 36 193
9 37 131
9 38 159
9 39 101
10 11 161
10 12 117
10 13 159
10 14 111
10 15 172
10 16 131
10 17 167
10 18 176
10 19 123
10 20 135
10 21 164
10 22 200
10 23 141
10 24 179
10 25 180
10 26 140
10 27 196
10 28 144
10 29 106
10 30 117
10 31 187
10 32 191
10 33 133
10 34 160
10 35 193
10 36 143
10 37 112
10 38 171
10 39 132
11 12 195
11 13 180
11 14 180
11 15 126
11 16 101
11 17 123
11 18 196
11 19 128
11 20 127
11 21 127
11 22 179
11 23 174
11 24 132
11 25 100
11 26 185
11 27 196
11 28 136
11 29 125
11 30 137
11 31 161
11 32 114
11 33 190
11 34 110
11 35 136
11 36 171
11 37 185
11 38 184
11 39 155
12 13 119
12 14 181
12 15 191
12 16 119
12 17 143
12 18 138
12 19 141
12 20 133
12 21 180
12 22 185
12 23 188
12 24 148
12 25 112
12 26 124
12 27 148
12 28 119
12 29 181
12 30 104
12 31 106
12 32 154
12 33 107
12 34 182
12 35 175
12 36 113
12 37 142
12 38 149
12 39 171
13 14 118
13 15 138
13 16 131
13 17 194
13 18 164
13 19 134
13 20 195
13 21 123
13 22 130
13 23 125
13 24 184
13 25 143
13 26 115
13 27 168
13 28 142
13 29 197
13 30 184
13 31 100
13 32 175
13 33 103
13 34 154
13 35 129
13 36 166
13 37 200
13 38 136
13 39 127
14 15 187
14 16 159
14 17 120
14 18 130
14 19 129
14 20 141
14 21 197
14 22 143
14 23 102
14 24 101
14 25 143
14 26 183
14 27 146
14 28 158
14 29 182
14 30 194
14 31 148
14 32 190
14 33 148
14 34 114
14 35 136
14 36 128
14 37 134
14 38 102
14 39 172
15 16 113
15 17 108
15 18 135
15 19 134
15 20 140
15 21 183
15 22 188
15 23 131
15 24 199
15 25 132
15 26 152
15 27 191
15 28 161
15 29 160
15 30 151
15 31 106
15 32 190
15 33 107
15 34 115
15 35 121
15 36 196
15 37 169
15 38 120
15 39 102
16 17 134
16 18 166
16 19 134
16 20 176
16 21 160
16 22 191
16 23 149
16 24 109
16 25 124
16 26 111
16 27 159
16 28 113
16 29 142
16 30 105
16 31 194
16 32 136
16 33 166
16 34 151
16 35 113
16 36 163
16 37 189
16 38 174
16 39 170
17 18 179
17 19 118
17 20 165
17 21 120
17 22 136
17 23 145
17 24 151
17 25 151
17 26 114
17 27 164
17 28 154
17 29 133
17 30 139
17 31 108
17 32 197
17 33 101
17 34 157
17 35 113
17 36 194
17 37 124
17 38 142
17 39 186
18 19 149
18 20 146
18 21 169
18 22 198
18 23 182
18 24 175
18 25 167
18 26 161
18 27 185
18 28 139
18 29 107
18 30 114
18 31 144
18 32 194
18 33 117
18 34 138
18 35 162
18 36 123
18 37 158
18 38 171
18 39 134
19 20 125
19 21 151
19 22 113
19 23 181
19 24 198
19 25 127
19 26 132
19 27 171
19 28 181
19 29 133
19 30 173
19 31 131
19 32 184
19 33 125
19 34 165
19 35 103
19 36 142
19 37 134
19 38 152
19 39 114
20 21 134
20 22 112
20 23 182
20 24 100
20 25 186
20 26 172
20 27 143
20 28 196
20 29 111
20 30 130
20 31 133
20 32 119
20 33 127
20 34 174
20 35 152
20 36 187
20 37 127
20 38 132
20 39 156
21 22 138
21 23 165
21 24 136
21 25 129
21 26 120
21 27 108
21 28 197
21 29 156
21 30 115
21 31 117
21 32 104
21 33 182
21 34 106
21 35 159
21 36 141
21 37 195
21 38 191
21 39 119
22 23 161
22 24 122
22 25 119
22 26 181
22 27 154
22 28 107
22 29 197
22 30 125
22 31 101
22 32 162
22 33 198
22 34 190
22 35 175
22 36 145
22 37 141
22 38 167
22 39 191
23 24 192
23 25 195
23 26 114
23 27 119
23 28 192
23 29 145
23 30 152
23 31 181
23 32 105
23 33 139
23 34 190
23 35 147
23 36 181
23 37 109
23 38 152
23 39 198
24 25 172
24 26 131
24 27 198
24 28 150
24 29 150
24 30 150
24 31 178
24 32 177
24 33 166
24 34 187
24 35 133
24 36 154
24 37 180
24 38 126
24 39 196
25 26 125
25 27 175
25 28 141
25 29 124
25 30 112
25 31 155
25 32 178
25 33 193
25 34 161
25 35 114
25 36 104
25 37 178
25 38 149
25 39 186
26 27 140
26 28 117
26 29 119
26 30 193
26 31 168
26 32 150
26 33 165
26 34 167
26 35 135
26 36 196
26 37 102
26 38 136
26 39 175
27 28 172
27 29 131
27 30 184
27 31 137
27 32 148
27 33 164
27 34 131
27 35 129
27 36 136
27 37 180
27 38 120
27 39 153
28 29 188
28 30 134
28 31 181
28 32 136
28 33 167
28 34 146
28 35 161
28 36 134
28 37 143
28 38 112
28 39 149
29 30 135
29 31 155
29 32 171
29 33 134
29 34 136
29 35 120
29 36 109
29 37 197
29 38 139
29 39 108
30 31 192
30 32 175
30 33 115
30 34 178
30 35 137
30 36 118
30 37 197
30 38 111
30 39 117
31 32 164
31 33 162
31 34 140
31 35 150
31 36 190
31 37 170
31 38 169
31 39 142
32 33 134
32 34 159
32 35 175
32 36 114
32 37 156
32 38 151
32 39 142
33 34 149
33 35 109
33 36 138
33 37 153
33 38 196
33 39 162
34 35 129
34 36 146
34 37 128
34 38 109
34 39 124
35 36 130
35 37 199
35 38 122
35 39 139
36 37 163
36 38 119
36 39 103
37 38 101
37 39 134
38 39 113
