12 18 66 1658 5800 9943 9943

0 2
0 5
0 10
1 2
1 7
1 10
2 9
3 4
3 6
3 11
4 8
4 10
5 8
5 10
6 10
6 11
7 9
7 11

0 1 195
0 2 158
0 3 174
0 4 101
0 5 198
0 6 158
0 7 182
0 8 154
0 9 175
0 10 122
0 11 114
1 2 179
1 3 117
1 4 105
1 5 159
1 6 198
1 7 189
1 8 166
1 9 142
1 10 137
1 11 163
2 3 131
2 4 159
2 5 164
2 6 128
2 7 195
2 8 130
2 9 105
2 10 173
2 11 157
3 4 194
3 5 125
3 6 110
3 7 132
3 8 159
3 9 109
3 10 126
3 11 100
4 5 124
4 6 106
4 7 136
4 8 144
4 9 168
4 10 119
4 11 127
5 6 105
5 7 147
5 8 140
5 9 198
5 10 104
5 11 113
6 7 169
6 8 187
6 9 196
6 10 193
6 11 151
7 8 106
7 9 125
7 10 194
7 11 194
8 9 123
8 10 181
8 11 193
9 10 181
9 11 195
10 11 141
