27 102 67 36 256 476

0 1
0 19
0 20
1 0
1 2
1 19
2 1
2 3
3 2
3 4
3 18
4 3
4 5
4 13
4 17
5 4
5 6
5 13
6 5
6 7
6 13
7 6
7 8
8 7
8 9
8 11
9 8
9 10
9 11
10 9
10 11
10 14
10 25
11 8
11 9
11 10
11 12
12 11
12 14
12 16
13 4
13 5
13 6
13 16
14 10
14 12
14 15
15 14
15 16
15 17
15 18
15 23
15 25
16 12
16 13
16 15
16 17
17 4
17 15
17 16
17 18
18 3
18 15
18 17
18 19
18 23
18 26
19 0
19 1
19 18
19 20
19 21
19 26
20 0
20 19
20 21
21 19
21 20
21 22
21 23
21 26
22 21
22 23
22 24
22 26
23 15
23 18
23 21
23 22
23 24
23 26
24 22
24 23
24 25
25 10
25 15
25 24
26 18
26 19
26 21
26 22
26 23

12 8 10
12 21 7
12 9 7
12 14 6
12 11 4
12 2 11
12 0 9
12 7 2
12 25 10
12 16 7
16 9 6
16 20 7
16 18 11
16 14 4
16 6 10
16 13 11
16 0 14
16 3 13
16 21 8
16 24 9
8 25 4
8 7 6
8 22 3
8 6 13
8 9 14
8 11 2
8 2 4
8 20 12
8 10 13
8 12 1
8 18 6
2 22 5
2 0 8
2 25 10
2 4 14
2 15 2
2 14 3
2 10 7
2 20 5
2 19 10
2 13 1
4 20 7
4 11 7
4 3 9
4 21 5
4 6 3
4 7 2
4 24 7
4 22 4
4 2 7
5 10 1
5 15 12
5 11 1
5 25 5
5 24 6
5 12 2
5 3 14
5 21 1
5 14 13
5 16 11
5 1 6
2 11 13
16 15 10
16 22 2
2 1 3
2 3 14
8 15 2
